

Gene symbols

Number of executions = 100
                 MCC F1_score accuracy TP_rate TN_rate     PPV     NPV  PR_AUC
nbr.val      100.000  100.000  100.000 100.000 100.000 100.000 100.000 100.000
nbr.null       0.000    0.000    0.000   0.000   0.000   0.000   0.000   0.000
nbr.na         0.000    0.000    0.000   0.000   0.000   0.000   0.000   0.000
min           -0.059    0.571    0.486   0.591   0.167   0.500   0.250   0.535
max            0.704    0.889    0.857   1.000   0.909   0.952   1.000   0.921
range          0.762    0.317    0.371   0.409   0.742   0.452   0.750   0.386
sum           26.708   72.633   65.257  78.835  46.318  68.449  60.184  75.597
median         0.270    0.739    0.657   0.789   0.462   0.692   0.600   0.763
mean           0.267    0.726    0.653   0.788   0.463   0.684   0.602   0.756
SE.mean        0.015    0.007    0.007   0.009   0.014   0.010   0.015   0.009
CI.mean.0.95   0.030    0.013    0.014   0.019   0.027   0.019   0.029   0.018
var            0.022    0.005    0.005   0.009   0.019   0.009   0.021   0.008
std.dev        0.149    0.067    0.073   0.095   0.137   0.096   0.147   0.091
coef.var       0.558    0.093    0.112   0.120   0.295   0.140   0.244   0.121
             ROC_AUC
nbr.val      100.000
nbr.null       0.000
nbr.na         0.000
min            0.497
max            0.864
range          0.368
sum           68.980
median         0.699
mean           0.690
SE.mean        0.008
CI.mean.0.95   0.016
var            0.006
std.dev        0.079
coef.var       0.114


=== === === ===
          MCC F1_score accuracy TP_rate TN_rate   PPV   NPV PR_AUC ROC_AUC
mean    0.267    0.726    0.653   0.788   0.463 0.684 0.602  0.756   0.690
std.dev 0.149    0.067    0.073   0.095   0.137 0.096 0.147  0.091   0.079


probesets

=== final results ===
Number of executions = 100
                 MCC F1_score accuracy TP_rate TN_rate     PPV     NPV  PR_AUC
nbr.val      100.000  100.000  100.000 100.000 100.000 100.000 100.000 100.000
nbr.null       1.000    0.000    0.000   0.000   0.000   0.000   0.000   0.000
nbr.na         0.000    0.000    0.000   0.000   0.000   0.000   0.000   0.000
min           -0.155    0.500    0.429   0.478   0.125   0.423   0.222   0.517
max            0.639    0.864    0.829   1.000   0.846   0.905   1.000   0.927
range          0.794    0.364    0.400   0.522   0.721   0.482   0.778   0.410
sum           22.772   71.505   63.486  78.743  42.375  66.475  58.281  75.238
median         0.236    0.723    0.629   0.789   0.412   0.654   0.583   0.775
mean           0.228    0.715    0.635   0.787   0.424   0.665   0.583   0.752
SE.mean        0.016    0.007    0.008   0.010   0.014   0.009   0.015   0.010
CI.mean.0.95   0.032    0.014    0.016   0.019   0.027   0.019   0.029   0.020
var            0.027    0.005    0.006   0.009   0.019   0.009   0.021   0.010
std.dev        0.163    0.072    0.080   0.097   0.137   0.094   0.145   0.099
coef.var       0.718    0.101    0.126   0.123   0.324   0.142   0.250   0.131
             ROC_AUC
nbr.val      100.000
nbr.null       0.000
nbr.na         0.000
min            0.490
max            0.881
range          0.391
sum           68.216
median         0.686
mean           0.682
SE.mean        0.008
CI.mean.0.95   0.016
var            0.007
std.dev        0.082
coef.var       0.120


=== === === ===
          MCC F1_score accuracy TP_rate TN_rate   PPV   NPV PR_AUC ROC_AUC
mean    0.228    0.715    0.635   0.787   0.424 0.665 0.583  0.752   0.682
std.dev 0.163    0.072    0.080   0.097   0.137 0.094 0.145  0.099   0.082

