

"/home/dave/my_projects/probesets_versus_gene_symbols/results/Hiyama2010_GSE16237_gene_symbols_dataset_8454.csv"


=== final results ===
Number of executions = 100
                 MCC F1_score accuracy TP_rate TN_rate     PPV    NPV  PR_AUC
nbr.val      100.000  100.000  100.000 100.000  97.000 100.000 79.000 100.000
nbr.null      24.000    0.000    0.000   0.000  36.000   0.000 18.000   0.000
nbr.na         0.000    0.000    0.000   0.000   3.000   0.000 21.000   0.000
min           -0.327    0.615    0.500   0.625   0.000   0.500  0.000   0.645
max            1.000    1.000    1.000   1.000   1.000   1.000  1.000   1.000
range          1.327    0.385    0.500   0.375   1.000   0.500  1.000   0.355
sum           28.563   85.387   77.300  92.402  31.817  80.862 49.667  91.391
median         0.375    0.875    0.800   1.000   0.333   0.789  0.667   0.932
mean           0.286    0.854    0.773   0.924   0.328   0.809  0.629   0.914
SE.mean        0.034    0.009    0.012   0.010   0.033   0.013  0.046   0.008
CI.mean.0.95   0.068    0.017    0.024   0.020   0.066   0.025  0.091   0.015
var            0.119    0.007    0.015   0.011   0.107   0.016  0.166   0.006
std.dev        0.344    0.085    0.121   0.103   0.327   0.125  0.408   0.076
coef.var       1.205    0.100    0.157   0.111   0.997   0.155  0.649   0.083
             ROC_AUC
nbr.val       97.000
nbr.null       0.000
nbr.na         3.000
min            0.111
max            1.000
range          0.889
sum           73.687
median         0.762
mean           0.760
SE.mean        0.018
CI.mean.0.95   0.035
var            0.030
std.dev        0.174
coef.var       0.229


=== === === ===
          MCC F1_score accuracy TP_rate TN_rate   PPV   NPV PR_AUC ROC_AUC
mean    0.286    0.854    0.773   0.924   0.328 0.809 0.629  0.914   0.760
std.dev 0.344    0.085    0.121   0.103   0.327 0.125 0.408  0.076   0.174



"/home/dave/my_projects/probesets_versus_gene_symbols/results/Hiyama2010_GSE16237_probesets_dataset_8454.csv"

=== final results ===
Number of executions = 100
                 MCC F1_score accuracy TP_rate TN_rate     PPV    NPV  PR_AUC
nbr.val      100.000  100.000  100.000 100.000  94.000 100.000 78.000 100.000
nbr.null      26.000    0.000    0.000   0.000  36.000   0.000 20.000   0.000
nbr.na         0.000    0.000    0.000   0.000   6.000   0.000 22.000   0.000
min           -0.250    0.667    0.600   0.571   0.000   0.556  0.000   0.639
max            1.000    1.000    1.000   1.000   1.000   1.000  1.000   1.000
range          1.250    0.333    0.400   0.429   1.000   0.444  1.000   0.361
sum           32.073   87.802   80.600  92.213  37.533  85.204 45.733  94.436
median         0.375    0.875    0.800   1.000   0.333   0.875  0.667   0.960
mean           0.321    0.878    0.806   0.922   0.399   0.852  0.586   0.944
SE.mean        0.038    0.007    0.011   0.010   0.039   0.011  0.046   0.007
CI.mean.0.95   0.075    0.015    0.022   0.020   0.078   0.022  0.091   0.014
var            0.142    0.006    0.012   0.010   0.146   0.013  0.162   0.005
std.dev        0.377    0.075    0.112   0.098   0.383   0.113  0.403   0.069
coef.var       1.176    0.085    0.139   0.107   0.958   0.132  0.687   0.073
             ROC_AUC
nbr.val       94.000
nbr.null       0.000
nbr.na         6.000
min            0.222
max            1.000
range          0.778
sum           78.026
median         0.857
mean           0.830
SE.mean        0.017
CI.mean.0.95   0.034
var            0.027
std.dev        0.164
coef.var       0.197


=== === === ===
          MCC F1_score accuracy TP_rate TN_rate   PPV   NPV PR_AUC ROC_AUC
mean    0.321    0.878    0.806   0.922   0.399 0.852 0.586  0.944   0.830
std.dev 0.377    0.075    0.112   0.098   0.383 0.113 0.403  0.069   0.164
